Precision: 0.6200378071833649
Recall: 0.7627906976744186
F1 score: 0.6840458811261731
