Precision: 0.508274231678487
Recall: 1.0
F1 score: 0.6739811912225705
